      0/29     4.71G   0.04736   0.01177   0.01315   0.07227        14       640    0.6626    0.7202    0.6393    0.3498   0.06211   0.02207    0.0219
      1/29     4.76G   0.03429  0.009146  0.005405   0.04884         6       640    0.9037    0.7815    0.8168    0.4632   0.05619   0.02026   0.01636
      2/29     4.76G   0.03082  0.008725  0.003587   0.04313         3       640    0.9035    0.7872    0.8198    0.4762    0.0505   0.02111   0.01524
      3/29     4.76G   0.02702  0.008093  0.002796   0.03791        13       640    0.9339    0.7991     0.844    0.5074   0.04915   0.02246   0.01474
      4/29     4.76G    0.0249  0.007643  0.002302   0.03485         7       640    0.9327    0.8077     0.849     0.517   0.04849   0.02183   0.01457
      5/29     4.76G   0.02365  0.007296  0.002027   0.03297        14       640    0.9297    0.8121    0.8425    0.5224   0.04716   0.02255   0.01429
      6/29     4.76G   0.02292  0.007095  0.001839   0.03186        12       640    0.9442    0.8208    0.8491    0.5249   0.04665   0.02319   0.01447
      7/29     4.76G   0.02235  0.006984  0.001703   0.03103        16       640    0.9427    0.8109    0.8522    0.5342   0.04673   0.02297   0.01452
      8/29     4.76G   0.02174  0.006876  0.001572   0.03019        18       640    0.9338    0.8126    0.8535    0.5344   0.04629   0.02346    0.0144
      9/29     4.76G   0.02139  0.006783    0.0015   0.02967        21       640    0.9439    0.8245    0.8555    0.5407   0.04585   0.02379   0.01433
     10/29     4.76G   0.02095   0.00665  0.001391   0.02899         5       640    0.9424    0.8221    0.8561    0.5409   0.04588   0.02392   0.01427
     11/29     4.76G   0.02071   0.00663  0.001372   0.02871         0       640    0.9487    0.8195     0.858    0.5408   0.04541   0.02403   0.01428
     12/29     4.76G    0.0204  0.006655  0.001303   0.02836        13       640    0.9468    0.8217    0.8568    0.5443   0.04467    0.0244   0.01434
     13/29     4.76G   0.02005   0.00659  0.001202   0.02785        10       640    0.9419    0.8188    0.8532    0.5426   0.04458   0.02499   0.01442
     14/29     4.76G   0.01981  0.006577  0.001179   0.02757        16       640    0.9414    0.8318    0.8588    0.5476   0.04378   0.02548   0.01427
     15/29     4.76G   0.01949  0.006465  0.001114   0.02707         2       640    0.9498    0.8271    0.8578    0.5486   0.04315   0.02601    0.0144
     16/29     4.76G   0.01921  0.006409   0.00106   0.02668        14       640    0.9404    0.8222    0.8543    0.5472    0.0428   0.02661   0.01434
     17/29     4.76G   0.01903   0.00644  0.001041   0.02651         3       640    0.9483    0.8225    0.8552     0.548   0.04119   0.02757   0.01426
     18/29     4.76G   0.01878  0.006408 0.0009687   0.02615         5       640    0.9468    0.8251    0.8578    0.5498   0.03901   0.02893   0.01443
     19/29     4.76G   0.01864  0.006663  0.001096    0.0264        14       640    0.9375    0.8276    0.8565    0.5494   0.03719   0.02803    0.0138
     20/29     4.76G   0.01841   0.00682  0.001041   0.02627         4       640    0.9399    0.8283    0.8566    0.5487   0.03662   0.02768   0.01249
     21/29     4.76G   0.01816  0.006715 0.0009631   0.02584         3       640    0.9453    0.8236    0.8572    0.5501    0.0361    0.0276   0.01189
     22/29     4.76G   0.01789  0.006696 0.0008811   0.02547        22       640    0.9449    0.8228    0.8565    0.5501   0.03549   0.02756    0.0116
     23/29     4.76G    0.0177  0.006731 0.0008397   0.02527         0       640    0.9429    0.8207    0.8547    0.5505   0.03511   0.02791    0.0115
     24/29     4.76G   0.01756  0.006573 0.0007789   0.02491         3       640    0.9445    0.8213    0.8556    0.5499     0.035   0.02796    0.0114
     25/29     4.76G    0.0173  0.006575 0.0007495   0.02462        15       640    0.9403    0.8252    0.8556    0.5501   0.03484   0.02814   0.01137
     26/29     4.76G   0.01715  0.006441 0.0007208   0.02431        12       640    0.9418    0.8203    0.8549    0.5506   0.03479    0.0283   0.01145
     27/29     4.76G   0.01701  0.006464 0.0006684   0.02414         4       640    0.9377    0.8238    0.8545    0.5507   0.03449   0.02854   0.01143
     28/29     4.76G   0.01688  0.006452 0.0006742     0.024        21       640    0.9417    0.8199    0.8544    0.5514   0.03428   0.02867   0.01144
     29/29     4.76G   0.01682  0.006405 0.0006506   0.02388         5       640    0.9443    0.8192    0.8556    0.5514   0.03408   0.02886   0.01138
